$ANSIBLE_VAULT;1.1;AES256
32613430393738323236373636316134356136616639643662653535326434363931343762373838
3438383031356134383466303930366237643663333538320a643764633439653330626334316538
39376437353237616635623231366332343564343332366330656466336234346138323264346535
6465666532343232350a396263393166623638643037306664316133633030363837666333343532
34373632376663646664643532663732386134343739316161613862376131656165356636356565
36346633376530613634653765383837626465306139313130386664653732376335336133313866
62383061313266633462636131376234303838663035633236653836306435653235623962393834
33613432636266623735623062633163663039646466323438613836316330346161656262356465
62323137393066623363653834303639616665666230353436366138626662336263373832646333
30653165356661383738636262336130363532343231393736316239323765326234623332323466
65633963363837316234306639323333653531366434343136656433623336343530393935306365
66643137386633626565316463383134393864643231393737643530633963383264383339363836
3238
